100

’111011 000κο101110810101,001 011 bis 011011 1081101110111, qui poteram Ξ

mul? pagine cujusque 111101 AE· 01310111111011011 fine orationis, jam ¹
[10101101 etp-ginantque venun 1111101 111ομ mmo, 011110, quo pagum ¹

Tnylonni. eujusmodi 01801111 00118100- 101111ιὶ0 mm 0011 denum 111011010-

0101011111, 01001010190011111101081001 lum thicum ηὴὶιῃ, om u. Ῡ
loentum in 1808800801 01311111 et 101- lem 011111010171οΙ011110 18 pugium 01 γ
mediam· 1101111,οω 0101180118 1180180011οὴ woenmoduipomm, 1

pngffi vggussque cdlix& 1101ξο 110· = 1111ιί10111 nn debueriqt quoque, 118 otio
, 81 1818811118818 1810“8“818808888.
cujusquo 101101 cium, qui textum 0111- emditosinoemqundnm tuetomnGoe-

› mmmmm 000 uendi 010111, comm 001οο00 ementire. quamam& ξ

autequam tumutioneaguuwuegibent: 1100111101011101 Alia mutin σ-
1100101011, qui 1110800000 1110111111- rumque 1111010111 inexplicabiles.

1101. Tnyl. 1101. Tuyl. upa TayL Lips. Tuyl.·
2⁷ 11 1 75 30 4 185 5814 171 75 9
10 11 111 μη. 111 un.

10011. 110100 1111010 1

-w ,81 8 116 15 1⁷4 77 7
79 11γ 187 50 6 175 18
804 81, 5 178 19 176 78 5

’81 ,1111 189 518 177 10 ,

·82 88 ,5 180 11
85 10 181 ult.
84 15 181 51 14
85 84 9 188 58 8
86 pen. 184 18
87 85 8 185 5111
88 10 186 55 5
89 pen. 187 18 ,187 889 1
90 88 11 188 58 1 188 5
91 15 189 18 189 peu.
91 011 110 57 8 190 810 10
98 87 7 111 10 191 18
94 11 148 58 5 198 911 8
95 17 113 13 193 14
95 88 10 141 pen. 194 148 5

97 15 145 59 8 195 10

98 89 9 148 60 1 196 16
99 10 147 19 197 818 4
100 17 148 61 7 198 ,8

101 pen. 110 011 101 010· 1

101 10 1 100 11 100111 0
100 11 101 01 0 101 10
101 11 101 01 1 101110 0
100110 101 11 110-10
100 11 101 00 1 101 110 1
101 10 155 16 100 10
100 11 0 100 07 1 100 10
101 11 101 11 .· 101 10
110 10 100 00 0 100 m, 1
11110118009110110
111 0 100 · 0 110 - 10
111 mn. 101 00 0 - 111110 1
111 ..11μο 101 ult. 1 111Ι 10
110 1110 101 11 a 110110 0
110 pen. 101 10 111 ult.
⁴11⁷ 10 1 100 11 0 ’1101001
110· 7 168 19 118 11
110 11 101 11 11 111 pes„
110 17 0 100 11 1 111101 1
111 10 100 1 110 0
111 10 11 110 11 110 10

 

